[?25l[0m[7m[38;2;248;248;248m [0m[38;2;0;0;0;48;2;248;248;248m                                                           [0m
[7m[38;2;248;248;248m [0m[38;2;0;0;0;48;2;248;248;248m                                                           [0m
[7m[38;2;248;248;248m [0m[38;2;0;0;0;48;2;248;248;248m                                                           [0m
[7m[38;2;248;248;248m [0m[38;2;0;0;0;48;2;248;248;248m                                                           [0m
[7m[38;2;248;248;248m [0m[38;2;0;0;0;48;2;248;248;248m                                                           [0m
[7m[38;2;248;248;248m [0m[38;2;0;0;0;48;2;248;248;248m                                                           [0m
[7m[38;2;248;248;248m [0m[38;2;0;0;0;48;2;248;248;248m             [38;2;249;247;249;48;2;247;247;248m╴[38;2;229;210;247;48;2;248;248;248m▁[38;2;228;209;246m▁[38;2;227;209;246m▁[38;2;248;248;251;48;2;248;247;248m╴[38;2;248;248;247;48;2;248;248;248m╴       [38;2;249;247;248m▁▂▂▂▂▂         ▂▂▂               [0m
[7m[38;2;248;248;248m [0m[38;2;0;0;0;48;2;248;248;248m            [38;2;248;248;248;48;2;245;243;248m╴[38;2;242;237;248;48;2;212;184;250m▘[38;2;206;175;252;48;2;208;178;252m▗[48;2;204;173;251m▌[38;2;201;170;251;48;2;202;171;251m▗[38;2;240;233;248;48;2;202;173;249m▝[38;2;226;214;247;48;2;246;244;248m▁[38;2;248;248;249;48;2;248;248;248m╻     [38;2;248;248;248;48;2;247;248;248m┊[38;2;202;231;247;48;2;130;206;250m▌[38;2;81;188;253;48;2;167;218;248m▇[38;2;81;189;253m▇[38;2;81;189;254m▇▇▇[38;2;86;190;252;48;2;167;219;247m▆[38;2;137;208;249;48;2;245;247;248m▖[38;2;247;249;249;48;2;248;248;248m╷   [38;2;248;248;248;48;2;249;248;247m▋[38;2;162;216;249;48;2;247;248;248m▗[38;2;186;226;247;48;2;90;186;252m▘[38;2;82;183;253;48;2;168;218;248m▇[38;2;83;181;253;48;2;168;217;247m▇[38;2;84;179;253;48;2;169;216;246m▇[38;2;85;177;252;48;2;199;227;248m▖[38;2;247;248;248;48;2;248;248;248m┊             [0m
[7m[38;2;248;248;248m [0m[38;2;0;0;0;48;2;248;248;248m           [38;2;247;249;248m╶[38;2;241;235;248;48;2;215;187;251m▌[38;2;206;175;252;48;2;208;177;252m▗[38;2;203;172;251;48;2;205;174;251m▗[38;2;201;170;251;48;2;202;171;250m▃[38;2;198;166;251;48;2;200;168;251m▗[38;2;195;162;250;48;2;197;165;250m▗[38;2;195;166;249;48;2;218;200;248m▇[38;2;201;178;245;48;2;245;243;248m▖[38;2;249;247;251;48;2;248;248;248m╴     [38;2;247;248;250m╹[38;2;85;189;252;48;2;209;234;248m▝[38;2;81;189;254;48;2;83;189;253m┈[38;2;81;188;254;48;2;81;189;254m▁[38;2;80;189;254m▁ [38;2;80;189;255m╵[38;2;80;188;254;48;2;91;192;252m┈[38;2;102;194;251;48;2;233;242;248m▖[48;2;248;248;248m  [38;2;246;249;249;48;2;248;248;247m╻[38;2;120;194;249;48;2;241;245;248m▗[38;2;91;182;252;48;2;144;206;248m▇[38;2;85;175;254;48;2;84;179;255m▃[38;2;86;173;254;48;2;84;177;254m▃[38;2;86;172;254;48;2;85;175;254m▄[38;2;87;170;254;48;2;86;173;254m▃[38;2;88;166;251;48;2;86;171;253m▁[38;2;136;192;247;48;2;239;244;247m▍[38;2;250;247;247;48;2;248;248;248m▏            [0m
[7m[38;2;248;248;248m [0m[38;2;0;0;0;48;2;248;248;248m            [38;2;248;248;247;48;2;248;247;248m┊[38;2;247;247;248;48;2;214;190;249m▖[38;2;202;171;251;48;2;202;170;251m┊[38;2;200;168;251;48;2;198;166;250m▋[38;2;198;166;250;48;2;196;163;250m▘[38;2;193;163;249;48;2;191;161;249m▘[38;2;188;157;249;48;2;189;159;249m▗[38;2;186;155;250;48;2;187;158;248m┊[38;2;183;153;248;48;2;231;222;247m▖[48;2;248;248;248m      [38;2;248;248;249m╼[38;2;100;195;249;48;2;231;242;248m▝[38;2;81;188;254;48;2;90;191;253m┈[38;2;81;185;254;48;2;81;188;254m▃[38;2;82;183;254;48;2;81;187;254m▃[38;2;82;182;254;48;2;82;186;254m▄[38;2;83;180;254;48;2;81;184;254m▅[38;2;84;180;254;48;2;86;181;253m┈[38;2;88;178;251;48;2;210;232;248m▖[38;2;248;248;246;48;2;248;248;248m┬[38;2;96;176;249;48;2;224;237;248m▗[38;2;82;175;255;48;2;91;176;252m╴[38;2;87;169;253;48;2;85;173;254m▃[38;2;87;168;254;48;2;86;172;254m▅[38;2;88;167;254;48;2;86;171;254m▅[38;2;89;165;253;48;2;87;169;253m▅[38;2;89;165;255;48;2;88;164;253m┊[38;2;248;248;249;48;2;140;192;249m▗[48;2;248;248;248m┈             [0m
[7m[38;2;248;248;248m [0m[38;2;0;0;0;48;2;248;248;248m             [38;2;248;248;248;48;2;248;247;250m▇[38;2;198;167;249;48;2;234;225;248m▝[38;2;197;164;252;48;2;196;164;249m╴[38;2;191;161;249;48;2;194;161;250m▆[38;2;187;156;249;48;2;189;159;249m▗[38;2;185;154;248;48;2;187;156;249m▄[38;2;185;154;249;48;2;182;151;248m▘[38;2;179;149;247;48;2;180;151;245m▇[38;2;243;240;248;48;2;185;159;245m▝[38;2;248;248;247;48;2;244;242;248m╴[48;2;248;248;248m╴     [38;2;132;202;248;48;2;244;247;248m▝[38;2;155;207;249;48;2;93;184;252m▁[38;2;85;175;254;48;2;83;179;254m▃[38;2;86;174;254;48;2;84;178;254m▄[38;2;86;172;255;48;2;85;176;254m▄[38;2;87;171;254;48;2;85;174;254m▄[48;2;86;171;253m┈[38;2;100;174;251;48;2;215;234;248m▆[38;2;88;168;252;48;2;88;167;253m╴[38;2;89;163;254;48;2;87;167;254m▄[38;2;90;162;254;48;2;88;166;254m▄[38;2;90;160;255;48;2;89;164;254m▄[38;2;91;158;254;48;2;89;162;254m▃[38;2;90;159;255;48;2;90;158;253m╴[38;2;89;158;252;48;2;199;219;247m▘[38;2;248;248;248;48;2;246;248;249m▇[48;2;248;248;248m              [0m
[7m[38;2;248;248;248m [0m[38;2;0;0;0;48;2;248;248;248m       [38;2;248;248;249m┈[38;2;213;188;246;48;2;247;247;248m▁[38;2;206;180;247;48;2;247;247;249m▁[38;2;202;176;245;48;2;247;246;248m▁[38;2;198;172;244m▁[38;2;196;169;245m▁[38;2;195;166;245m▁[38;2;192;164;246;48;2;246;245;248m▁[38;2;194;166;248;48;2;227;216;247m▝[38;2;190;158;249;48;2;188;158;249m╴[38;2;184;155;248;48;2;187;156;249m▄[38;2;183;153;248;48;2;181;152;247m▍[38;2;178;148;247;48;2;180;150;247m▃[48;2;176;145;247m▘[38;2;171;142;246;48;2;174;143;247m▗[38;2;216;203;246;48;2;169;141;245m▝[38;2;164;136;242;48;2;242;240;247m▂[38;2;161;133;240;48;2;247;246;248m▂[38;2;159;130;241m▂[38;2;156;128;238;48;2;247;247;249m▂[38;2;152;125;240;48;2;247;247;248m▂[38;2;151;124;239;48;2;248;247;248m▂[38;2;149;122;238;48;2;248;248;247m▂[38;2;146;119;239;48;2;224;237;247m▂[38;2;133;192;245;48;2;102;166;250m╴[38;2;88;166;254;48;2;86;170;254m▄[38;2;88;165;254;48;2;87;169;254m▅[38;2;89;161;254;48;2;88;166;254m▃[48;2;88;165;254m▅[38;2;90;160;254;48;2;89;163;254m▅[38;2;90;158;254;48;2;89;162;255m▅[38;2;91;156;254;48;2;90;160;254m▅[38;2;91;154;254;48;2;91;158;255m▄[38;2;93;152;253;48;2;91;156;254m▄[38;2;93;151;254;48;2;92;153;253m┈[38;2;93;153;252;48;2;201;220;247m▘[38;2;248;248;249;48;2;248;248;248m┊               [0m
[7m[38;2;248;248;248m [0m[38;2;0;0;0;48;2;248;248;248m      [38;2;248;248;248;48;2;247;247;248m┊[38;2;248;247;248;48;2;220;197;250m▘[38;2;211;179;253;48;2;210;178;252m╴[38;2;209;177;252;48;2;206;175;251m▘[38;2;205;174;253;48;2;203;172;251m▘[38;2;200;168;251;48;2;202;170;251m▗[38;2;197;165;250;48;2;199;167;251m▗[38;2;196;166;250;48;2;193;163;249m▘[38;2;193;162;250;48;2;190;160;249m▘[38;2;188;157;249;48;2;190;158;250m▇[38;2;184;154;249;48;2;186;155;249m▂[38;2;180;150;248;48;2;182;152;247m▗[48;2;178;148;247m▘[38;2;174;145;247;48;2;176;146;247m▗[38;2;172;142;246;48;2;174;144;247m▄[38;2;171;142;246;48;2;168;139;245m▘[38;2;166;137;246;48;2;167;138;246m▇[38;2;165;135;246;48;2;163;133;245m▘[38;2;158;129;244;48;2;161;131;245m▗[38;2;158;130;244;48;2;156;127;244m▘[38;2;152;122;244;48;2;154;125;244m▗[38;2;152;123;243;48;2;150;121;243m▘[38;2;146;117;243;48;2;149;119;244m▗[38;2;146;118;245;48;2;144;115;243m▘[38;2;144;114;242;48;2;141;111;242m▘[38;2;139;109;241;48;2;136;112;242m┈[38;2;131;112;242;48;2;96;154;252m▖[38;2;91;157;254;48;2;90;161;254m▅[38;2;91;155;254;48;2;91;159;254m▄[38;2;91;153;254;48;2;91;157;254m▄[38;2;93;151;254;48;2;91;155;254m▄[38;2;94;149;254;48;2;92;153;253m▄[38;2;95;148;255;48;2;93;151;254m▄[38;2;95;146;255;48;2;93;150;254m▄[38;2;94;146;254;48;2;95;147;253m┈[38;2;95;146;252;48;2;206;220;247m▘[38;2;249;247;253;48;2;248;248;248m╴     [38;2;248;248;249m┊[38;2;213;184;251;48;2;242;238;248m▗[38;2;213;182;251;48;2;240;232;248m▖[38;2;248;248;249;48;2;248;248;248m▖       [0m
[7m[38;2;248;248;248m [0m[38;2;0;0;0;48;2;248;248;248m     [38;2;248;248;249;48;2;246;245;248m╴[38;2;246;241;249;48;2;215;188;251m▘[38;2;212;179;253;48;2;209;178;252m▘[38;2;205;174;251;48;2;207;176;252m▃[38;2;203;172;251;48;2;204;173;251m▅[38;2;200;168;251;48;2;201;170;251m▗[38;2;196;165;250;48;2;199;167;251m▗[38;2;192;162;249;48;2;196;163;250m▄[48;2;190;160;249m▘[38;2;190;159;250;48;2;187;157;249m▘[38;2;183;153;248;48;2;186;155;249m▗[38;2;183;154;248;48;2;181;151;247m▘[38;2;177;147;247;48;2;179;149;247m▗[38;2;175;144;247;48;2;176;146;247m▗[38;2;174;143;247;48;2;171;143;246m▌[38;2;167;138;246;48;2;169;140;246m▗[38;2;164;135;246;48;2;166;137;246m▗[48;2;162;132;244m▘[38;2;158;129;245;48;2;160;131;245m▗[48;2;156;127;244m▘[38;2;152;123;243;48;2;154;125;243m▗[38;2;152;123;242;48;2;150;121;243m▘[38;2;146;117;243;48;2;148;119;243m▗[38;2;143;114;242;48;2;145;116;243m▗[38;2;141;111;242;48;2;142;112;242m▗[48;2;139;109;241m▘[38;2;133;105;241;48;2;135;108;241m▗[38;2;133;104;241;48;2;131;104;241m╴[38;2;128;101;240;48;2;103;137;249m▖[38;2;94;148;255;48;2;94;149;254m╷[38;2;94;146;255;48;2;93;150;254m▅[38;2;96;144;254;48;2;94;147;254m▃[38;2;96;142;255;48;2;94;146;255m▃[38;2;97;140;254;48;2;95;144;255m▃[38;2;97;139;255;48;2;96;143;255m▄[38;2;113;151;250;48;2;222;228;248m▋[38;2;249;248;249;48;2;248;248;248m╴     [38;2;247;248;248m╶[38;2;204;173;251;48;2;235;225;248m▗[38;2;206;175;251;48;2;207;177;251m╴[38;2;210;179;254;48;2;210;179;252m┈[38;2;248;247;249;48;2;222;199;250m▝[38;2;250;248;249;48;2;248;247;248m╴[48;2;248;248;248m      [0m
[7m[38;2;248;248;248m [0m[38;2;0;0;0;48;2;248;248;248m    [38;2;248;248;248;48;2;248;247;248m┊[38;2;249;247;251;48;2;222;201;250m▂[38;2;250;247;250;48;2;210;180;251m▂[38;2;249;247;251;48;2;207;177;251m▂[48;2;204;174;250m▂[38;2;249;248;251;48;2;202;172;251m▂[38;2;248;248;250;48;2;199;168;250m▂[38;2;248;248;249;48;2;196;166;249m▂[48;2;192;163;248m▂[38;2;248;248;250;48;2;189;160;248m▂[38;2;247;248;249;48;2;187;158;248m▂[38;2;246;247;250;48;2;184;155;247m▂[38;2;179;149;249;48;2;162;140;248m╴[38;2;108;105;253;48;2;174;144;247m▂[48;2;170;142;247m▂[48;2;167;139;246m▂[48;2;164;136;246m▂[38;2;109;105;253;48;2;161;133;245m▂[38;2;160;131;246;48;2;146;125;246m╴[38;2;245;245;249;48;2;160;132;244m▂[38;2;249;249;249;48;2;158;130;243m▂[48;2;155;127;243m▂[48;2;152;125;243m▂[38;2;248;249;248;48;2;149;122;242m▂[38;2;249;248;249;48;2;146;119;241m▂[38;2;249;249;249;48;2;144;116;241m▂[48;2;140;114;241m▂[38;2;249;249;251;48;2;136;110;240m▂[48;2;134;106;240m▂[38;2;249;249;249;48;2;129;103;239m▂[38;2;243;244;249;48;2;110;123;246m▂[38;2;96;141;255;48;2;98;141;253m┊[38;2;98;136;255;48;2;97;140;255m▄[38;2;98;135;255;48;2;97;139;255m▅[38;2;98;133;255;48;2;97;137;255m▅[38;2;99;131;255;48;2;98;135;255m▄[38;2;98;133;253;48;2;101;132;253m┊[38;2;102;130;251;48;2;214;221;247m▖[38;2;248;248;246;48;2;248;248;248m▍   [38;2;249;249;249;48;2;247;246;248m┊[38;2;247;246;248;48;2;208;182;248m▘[38;2;202;170;250;48;2;201;169;252m┖[38;2;205;174;251;48;2;203;172;251m▝[48;2;207;176;252m▖[38;2;208;177;252;48;2;210;179;252m▖[38;2;246;244;248;48;2;216;190;251m▝[38;2;249;248;246;48;2;247;246;248m╴[48;2;248;248;248m     [0m
[7m[38;2;248;248;248m [0m[38;2;0;0;0;48;2;248;248;248m      [38;2;248;248;248;48;2;248;248;249m▆▆▆▆[48;2;248;248;248m   [48;2;248;248;247m▇[38;2;248;249;245;48;2;243;243;247m╴[38;2;239;239;247;48;2;126;130;249m▘[38;2;106;110;254;48;2;107;106;254m▃[38;2;107;108;255;48;2;107;106;255m▁[38;2;107;105;254;48;2;108;105;254m╲ [38;2;108;105;253m╶[38;2;152;151;248;48;2;111;109;252m▁[38;2;127;125;248;48;2;237;237;247m▘[38;2;248;248;247;48;2;248;248;248m▏  [38;2;246;249;251;48;2;243;247;247m╴[38;2;45;218;213;48;2;200;240;237m▄[38;2;170;244;239;48;2;247;249;249m▏[38;2;243;249;249;48;2;76;227;211m▊[38;2;11;228;207;48;2;199;241;236m▖[38;2;248;248;248;48;2;247;248;248m┈[48;2;248;248;249m▆▇[38;2;248;248;249;48;2;248;248;248m┈[38;2;111;141;250;48;2;228;233;247m▝[38;2;97;132;251;48;2;105;135;252m╴[38;2;101;126;254;48;2;99;130;255m▃[38;2;101;125;254;48;2;100;129;255m▄[38;2;102;123;255;48;2;101;127;255m▃[38;2;103;121;255;48;2;101;125;254m▃[38;2;103;122;255;48;2;102;122;254m╴[38;2;247;248;249;48;2;144;155;248m▝[38;2;249;248;246;48;2;247;247;248m╴[48;2;248;248;248m [38;2;248;249;247;48;2;244;242;248m╴[38;2;239;235;248;48;2;195;166;248m▘[38;2;197;164;248;48;2;194;163;250m╵[38;2;197;165;251;48;2;199;167;251m▄[38;2;200;168;252;48;2;202;170;251m▄[38;2;202;171;253;48;2;203;172;250m▏[38;2;205;174;251;48;2;207;176;252m▅[38;2;241;235;248;48;2;211;182;250m▗[38;2;249;248;247;48;2;245;243;248m╴[48;2;248;248;248m     [0m
[7m[38;2;248;248;248m [0m[38;2;0;0;0;48;2;248;248;248m             [38;2;186;195;246;48;2;240;241;248m▁[38;2;211;215;247;48;2;107;123;251m▘[38;2;103;118;255;48;2;105;115;254m▄[38;2;104;117;255;48;2;105;114;255m▃[38;2;105;114;255;48;2;106;111;255m▅[38;2;105;112;255;48;2;107;108;255m▅[38;2;106;110;254;48;2;107;107;255m▄[38;2;188;187;247;48;2;108;107;253m▗[38;2;164;162;245;48;2;247;247;248m▘[48;2;248;248;248m   [38;2;104;218;228;48;2;243;246;247m▗[38;2;181;232;234;48;2;12;210;218m▘[38;2;152;229;230;48;2;8;213;215m▗[38;2;204;244;243;48;2;248;248;248m▏[38;2;245;248;248;48;2;131;232;224m▊[38;2;98;229;220;48;2;12;226;210m▁[38;2;226;243;241;48;2;34;228;209m▝[38;2;145;237;226;48;2;238;246;245m▁[38;2;249;248;247;48;2;248;248;248m╻  [38;2;133;152;248;48;2;242;243;248m▝[38;2;155;164;248;48;2;109;127;253m▁[38;2;104;117;254;48;2;103;121;255m▄[38;2;105;116;255;48;2;102;120;255m▅[38;2;105;114;255;48;2;103;118;254m▅[38;2;105;112;255;48;2;104;116;255m▄[38;2;106;110;254;48;2;105;114;254m▃[38;2;240;241;248;48;2;126;129;249m▝[38;2;189;174;246;48;2;242;240;247m▁[38;2;225;215;246;48;2;184;155;247m▘[38;2;186;157;249;48;2;188;158;248m▅[38;2;189;159;248;48;2;190;160;249m▃[38;2;196;164;250;48;2;192;162;249m▝[38;2;194;164;250;48;2;198;166;250m▖[38;2;199;167;249;48;2;200;169;251m▂[38;2;245;243;248;48;2;209;183;249m▗[38;2;249;248;248;48;2;247;246;248m┊[48;2;248;248;248m      [0m
[7m[38;2;248;248;248m [0m[38;2;248;248;249;48;2;248;248;248m▁[38;2;248;248;246m▁[38;2;247;249;247m▁[38;2;248;248;246m▁  [38;2;248;248;249m▁[38;2;249;247;249m▁[38;2;248;249;246m▁ [38;2;249;247;248m▁[38;2;248;248;247m┈[38;2;139;163;247;48;2;243;245;248m▗[38;2;164;179;247;48;2;100;128;254m▘[38;2;100;128;254;48;2;101;125;255m▄[38;2;101;126;254;48;2;102;122;255m▄[38;2;102;124;255;48;2;103;120;255m▄[38;2;102;121;255;48;2;104;117;255m▄[38;2;103;120;254;48;2;105;116;254m▄[38;2;223;227;247;48;2;113;123;250m▗[38;2;243;243;248;48;2;201;202;246m▇[48;2;248;248;248m  [38;2;249;247;248;48;2;243;247;247m╴[38;2;46;201;228;48;2;211;239;242m▄[38;2;0;198;227;48;2;11;201;223m╴[38;2;187;233;238;48;2;27;208;221m▄[38;2;248;249;248;48;2;237;245;245m┊[48;2;248;248;248m [38;2;248;248;248;48;2;248;248;247m▊[38;2;235;245;245;48;2;139;231;227m▇[38;2;215;241;239;48;2;30;225;209m▖[38;2;10;228;208;48;2;100;234;219m▇[38;2;17;228;207;48;2;206;241;238m▖[38;2;247;249;249;48;2;248;248;248m╴  [38;2;170;176;246;48;2;247;248;248m▝[38;2;190;191;247;48;2;106;112;253m▖[38;2;107;108;255;48;2;105;112;255m▄[38;2;108;106;255;48;2;106;110;254m▄[38;2;108;105;254;48;2;107;108;255m▄[48;2;107;107;254m▄[38;2;159;135;249;48;2;110;106;253m▗[38;2;153;132;249;48;2;176;147;247m▏[38;2;179;149;248;48;2;181;151;247m▖[38;2;182;152;248;48;2;184;154;248m▖[38;2;186;155;249;48;2;188;157;249m▌[38;2;188;157;249;48;2;190;160;248m▖[38;2;192;162;250;48;2;192;162;249m┈[38;2;248;248;249;48;2;211;189;248m▗[48;2;248;248;248m  [38;2;247;248;249m▁[38;2;249;248;248m▁[38;2;249;248;247m▁▁  [0m
[38;2;248;248;247;48;2;247;248;248m╴[38;2;132;188;249;48;2;245;247;247m▅[38;2;89;162;252;48;2;235;242;249m▅[38;2;89;160;254;48;2;229;236;246m▅[38;2;103;164;252;48;2;247;248;249m▆[38;2;100;161;251;48;2;247;248;250m▆[38;2;96;156;252;48;2;246;250;249m▆[38;2;94;152;252;48;2;245;248;249m▆[38;2;93;149;253;48;2;237;240;249m▆[38;2;94;147;253;48;2;224;231;244m▆[38;2;95;145;254;48;2;213;222;243m▆[38;2;105;149;253;48;2;249;248;247m▇[38;2;102;144;253;48;2;250;249;251m▇[38;2;97;136;255;48;2;102;142;253m┊[38;2;97;137;254;48;2;98;134;255m▄[38;2;98;135;255;48;2;99;132;255m▄[38;2;99;133;255;48;2;100;129;255m▅[38;2;99;131;255;48;2;100;127;255m▄[38;2;99;129;254;48;2;101;126;254m▖[38;2;245;245;248;48;2;131;149;249m▗[38;2;248;248;248;48;2;245;245;248m┊[48;2;248;248;248m  [38;2;159;221;240;48;2;236;243;246m▁[38;2;192;230;241;48;2;15;187;231m▘[38;2;130;214;233;48;2;3;190;229m▗[38;2;64;204;228;48;2;234;244;245m▘[38;2;248;248;248;48;2;247;248;248m▇[48;2;248;248;248m    [38;2;250;247;248;48;2;247;248;248m╴[38;2;20;223;207;48;2;208;241;238m▝[38;2;83;228;217;48;2;8;227;208m▁[38;2;233;245;244;48;2;43;228;210m▝[38;2;250;248;247;48;2;239;246;246m╴[38;2;248;248;249;48;2;248;248;248m╴[38;2;248;248;250m╹[38;2;243;243;248;48;2;200;200;247m▇[38;2;220;219;246;48;2;114;112;251m▖[48;2;108;105;254m [38;2;107;106;252m╷[38;2;162;135;247;48;2;115;109;252m▗[38;2;172;142;247;48;2;168;140;246m┊[38;2;172;143;246;48;2;175;144;247m▖[38;2;179;149;247;48;2;176;146;246m▝[38;2;182;152;248;48;2;179;149;248m▝[38;2;182;152;247;48;2;184;154;248m▄[38;2;188;157;249;48;2;186;155;248m▝[38;2;226;213;247;48;2;188;158;247m▝[38;2;191;161;247;48;2;248;247;248m▄[38;2;194;165;248;48;2;248;246;249m▄[38;2;199;169;248;48;2;248;247;249m▄[38;2;202;173;250;48;2;249;247;248m▄[38;2;205;177;250;48;2;248;248;248m▄[38;2;208;180;250;48;2;248;248;249m▄[38;2;211;184;250;48;2;248;248;250m▄[38;2;216;190;250;48;2;246;243;248m▖[38;2;248;248;249;48;2;248;248;248m▗[0m
[38;2;236;243;248;48;2;116;187;249m▘[38;2;85;173;254;48;2;87;169;253m▃[38;2;86;170;254;48;2;88;167;254m▄[38;2;88;168;254;48;2;88;165;254m▄[38;2;88;166;254;48;2;89;162;254m▄[38;2;89;164;254;48;2;90;160;254m▄[38;2;89;162;254;48;2;91;158;254m▄[38;2;90;159;254;48;2;91;155;253m▅[38;2;91;158;254;48;2;91;154;254m▄[38;2;91;156;253;48;2;93;151;254m▄[38;2;91;153;253;48;2;94;149;254m▄[38;2;92;151;254;48;2;94;147;254m▄[38;2;94;149;255;48;2;95;145;255m▄[38;2;94;147;254;48;2;95;144;255m▄[38;2;95;145;254;48;2;96;141;254m▄[38;2;96;143;255;48;2;97;139;255m▄[38;2;96;141;254;48;2;98;137;255m▃[38;2;97;138;255;48;2;100;137;254m╴[38;2;99;133;252;48;2;209;218;247m▘[48;2;248;248;248m [38;2;248;248;248;48;2;248;248;247m▇[38;2;249;248;249;48;2;248;248;248m╶[38;2;248;248;246;48;2;238;244;246m┊[38;2;163;219;240;48;2;6;177;237m▘[38;2;182;225;238;48;2;8;182;235m▗[38;2;240;245;246;48;2;172;225;239m▇[48;2;248;248;248m       [38;2;247;249;247m┊[38;2;109;229;221;48;2;245;248;247m▝[38;2;105;232;222;48;2;16;226;209m▏[38;2;223;243;241;48;2;36;227;209m▝[38;2;249;248;248;48;2;247;248;248m┊[48;2;248;248;248m  [38;2;248;248;248;48;2;243;243;248m┈[38;2;239;238;248;48;2;126;124;249m▖[38;2;160;132;245;48;2;122;112;251m▗[38;2;164;133;245;48;2;164;135;245m╴[38;2;165;136;246;48;2;167;138;245m▖[38;2;169;140;246;48;2;171;142;246m▄[38;2;172;142;246;48;2;175;144;247m▃[38;2;178;148;248;48;2;176;146;247m▝[38;2;178;148;246;48;2;180;149;247m▖[38;2;184;154;249;48;2;182;151;247m▝[38;2;184;154;248;48;2;186;156;249m▄[38;2;190;160;249;48;2;188;157;249m▝[38;2;192;162;249;48;2;190;160;249m▝[38;2;193;162;249;48;2;196;164;250m▖[38;2;197;165;251;48;2;199;167;250m▖[38;2;200;168;250;48;2;201;170;250m▖[38;2;205;174;252;48;2;203;172;250m▝[38;2;208;177;252;48;2;206;175;252m▝[38;2;209;177;253;48;2;210;179;252m╴[38;2;210;182;250;48;2;240;232;249m▖[0m
[38;2;121;193;249;48;2;241;246;247m▝[38;2;138;204;249;48;2;90;180;253m▁[38;2;84;178;254;48;2;85;174;254m▃[38;2;85;175;254;48;2;86;172;254m▄[38;2;85;173;254;48;2;87;170;254m▄[38;2;86;172;254;48;2;88;168;254m▃[38;2;87;169;254;48;2;88;165;254m▄[38;2;88;167;254;48;2;89;163;255m▄[38;2;88;165;254;48;2;90;161;254m▃[38;2;89;163;253;48;2;90;159;254m▄[38;2;89;161;253;48;2;91;157;254m▄[38;2;90;158;254;48;2;92;155;254m▄[38;2;91;156;254;48;2;92;152;254m▄[38;2;92;154;254;48;2;93;150;254m▄[38;2;92;152;254;48;2;94;149;254m▃[38;2;93;150;254;48;2;94;146;254m▄[38;2;94;146;253;48;2;96;143;254m╴[38;2;119;108;244;48;2;119;115;243m┈[38;2;134;108;237;48;2;231;227;245m▖[48;2;248;248;248m  [38;2;247;249;247m╺[38;2;229;240;246;48;2;23;172;238m▋[38;2;0;172;241;48;2;8;169;236m▉[38;2;105;199;233;48;2;240;245;247m▎[38;2;248;248;247;48;2;248;248;248m╲        [38;2;247;248;249m┌[38;2;228;244;244;48;2;45;221;214m▋[38;2;0;223;212;48;2;1;224;210m╴[38;2;66;223;211;48;2;240;246;245m▎[38;2;250;247;249;48;2;248;248;248m▏[38;2;248;248;248;48;2;248;249;246m▉[38;2;249;248;247;48;2;247;246;248m╴[38;2;246;247;247;48;2;175;151;242m▘[38;2;156;127;245;48;2;158;129;245m▎[38;2;159;130;246;48;2;161;132;245m▖[38;2;165;136;246;48;2;163;133;244m▝[48;2;167;138;247m▄[38;2;171;141;246;48;2;168;139;245m▝[38;2;171;142;246;48;2;174;143;248m▄[38;2;177;147;246;48;2;175;145;247m▝[38;2;177;147;247;48;2;179;149;247m▖[38;2;183;153;247;48;2;180;151;247m▝[38;2;186;156;249;48;2;184;154;248m▝[38;2;187;155;250;48;2;188;158;248m▖[38;2;192;162;250;48;2;190;160;248m▝[38;2;197;164;250;48;2;192;162;249m▝[38;2;196;163;250;48;2;198;166;250m▖[38;2;199;167;251;48;2;201;169;251m▖[38;2;202;171;252;48;2;203;172;251m╷[38;2;205;173;253;48;2;206;176;251m╴[38;2;210;178;251;48;2;237;229;248m▘[0m
[38;2;248;248;249;48;2;248;248;248m╹[38;2;240;245;248;48;2;160;213;247m▇[38;2;246;248;248;48;2;94;180;246m▆[48;2;86;175;246m▆[38;2;244;247;248;48;2;84;174;248m▆[38;2;244;246;248;48;2;84;172;250m▆[38;2;243;245;248;48;2;84;171;253m▆[38;2;241;244;248;48;2;85;170;254m▆[38;2;234;241;247;48;2;85;168;254m▆[38;2;200;227;248;48;2;98;173;251m╸[38;2;87;168;253;48;2;89;164;254m▄[38;2;88;166;253;48;2;90;162;254m▄[38;2;89;163;254;48;2;90;159;255m▄[38;2;90;160;254;48;2;92;157;254m▅[38;2;91;159;254;48;2;91;156;254m▄[38;2;111;132;248;48;2;92;154;254m▗[38;2;108;134;250;48;2;130;104;240m▘[38;2;132;104;241;48;2;129;100;240m▅[38;2;131;102;243;48;2;132;104;240m┊[38;2;134;106;239;48;2;217;210;244m▖[38;2;248;248;247;48;2;248;248;248m╹[38;2;249;248;247m┈[38;2;244;249;249;48;2;33;170;240m▌[38;2;1;167;244;48;2;13;164;233m▉[38;2;105;176;209;48;2;242;245;247m▏[38;2;248;248;249;48;2;248;248;248m┊        [38;2;248;248;247;48;2;247;249;248m▊[38;2;231;243;243;48;2;20;199;200m▊[38;2;0;217;215;48;2;0;220;212m▄[38;2;26;218;209;48;2;234;246;246m▎[38;2;250;246;251;48;2;248;248;247m▏[38;2;249;248;248;48;2;242;240;247m┊[38;2;236;232;246;48;2;156;130;242m▘[38;2;150;121;243;48;2;152;123;243m▅[38;2;152;123;243;48;2;154;125;244m▖[38;2;156;127;244;48;2;158;128;245m▅[38;2;161;133;245;48;2;159;130;244m▝[38;2;165;135;246;48;2;162;133;245m▝[38;2;198;180;244;48;2;170;141;245m▁[38;2;238;234;247;48;2;169;140;245m▃[38;2;243;241;249;48;2;172;142;246m▃[38;2;248;246;250;48;2;176;147;246m▃[38;2;248;248;249;48;2;180;152;246m▃[38;2;248;248;248;48;2;186;158;247m▃[38;2;241;238;247;48;2;185;155;249m▄[38;2;245;242;248;48;2;188;157;248m▄[38;2;247;246;249;48;2;191;161;247m▄[38;2;248;247;249;48;2;195;165;248m▄[38;2;248;248;248;48;2;201;172;249m▄[38;2;244;240;248;48;2;201;170;251m▅[38;2;211;186;250;48;2;245;242;247m▘[38;2;248;248;248;48;2;248;249;248m▇[0m
[7m[38;2;248;248;248m [0m[38;2;0;0;0;48;2;248;248;248m      [38;2;194;227;248;48;2;242;246;248m▁[38;2;220;236;248;48;2;95;182;251m▘[38;2;85;177;254;48;2;85;173;254m▄[38;2;85;175;254;48;2;86;172;254m▃[38;2;86;172;254;48;2;87;169;253m▄[38;2;86;171;254;48;2;87;167;254m▃[38;2;87;168;254;48;2;89;164;254m▅[38;2;129;127;245;48;2;92;162;253m▗[38;2;137;112;242;48;2;118;128;246m▇[38;2;141;111;242;48;2;136;108;242m▄[48;2;136;109;242m▄▄[38;2;139;110;242;48;2;135;106;241m▇[38;2;247;246;248;48;2;166;145;240m▝[38;2;249;248;249;48;2;247;247;248m┈[38;2;238;244;247;48;2;152;211;242m▉[38;2;129;201;241;48;2;2;162;245m▖[38;2;234;243;247;48;2;34;172;241m▝[38;2;248;249;247;48;2;240;244;247m┊[48;2;248;248;248m       [38;2;248;248;247m▁[38;2;149;226;234;48;2;238;245;245m▁[38;2;185;233;237;48;2;7;207;218m▘[38;2;200;238;239;48;2;18;212;217m▗[38;2;248;248;247;48;2;243;247;246m┈[38;2;199;187;243;48;2;241;239;247m▁[38;2;215;204;244;48;2;143;114;241m▘[38;2;145;116;241;48;2;144;115;243m╹[38;2;149;120;244;48;2;146;118;243m▝[38;2;152;122;243;48;2;150;121;243m▝[38;2;153;123;243;48;2;154;125;244m▅[38;2;155;126;244;48;2;157;127;245m▅[38;2;219;209;245;48;2;160;131;244m▗[38;2;208;194;244;48;2;248;247;248m▘[48;2;248;248;248m             [0m
[7m[38;2;248;248;248m [0m[38;2;0;0;0;48;2;248;248;248m    [38;2;248;248;246m╷[38;2;157;216;248;48;2;247;248;248m▗[38;2;182;223;249;48;2;83;187;252m▘[38;2;81;187;253;48;2;82;183;254m▄[38;2;81;184;254;48;2;83;181;254m▃[38;2;83;182;254;48;2;84;178;254m▄[38;2;84;180;254;48;2;85;176;254m▄[38;2;84;178;254;48;2;85;174;254m▄[38;2;239;243;248;48;2;110;184;250m▗[38;2;173;153;240;48;2;238;242;247m▝[38;2;189;172;242;48;2;150;122;242m▁[38;2;146;118;244;48;2;145;116;243m╻[38;2;147;118;243;48;2;144;115;242m▄[38;2;147;119;244;48;2;144;115;243m▄[38;2;147;119;243m▄[38;2;143;115;241;48;2;146;117;243m▝[38;2;239;236;246;48;2;157;133;241m▝[38;2;248;249;245;48;2;244;243;248m╴[38;2;236;243;247;48;2;147;208;241m▇[38;2;194;224;241;48;2;23;168;244m▃[38;2;126;202;240;48;2;11;165;245m▝[38;2;15;169;243;48;2;217;236;245m▃[38;2;90;189;234;48;2;247;247;248m▂[38;2;210;233;241;48;2;248;248;248m▁[38;2;248;249;247m▂[38;2;247;250;249m▁[38;2;182;221;234m▁[38;2;59;195;227;48;2;244;247;247m▂[38;2;24;196;228;48;2;222;240;243m▄[38;2;21;200;225;48;2;106;218;230m▇[38;2;198;234;239;48;2;27;206;221m▄[38;2;249;248;249;48;2;238;245;246m╴[38;2;161;141;239;48;2;245;244;247m▗[38;2;140;114;240;48;2;180;164;242m▇[38;2;139;110;242;48;2;137;108;241m▝[38;2;142;113;242;48;2;141;111;242m▝[48;2;144;115;242m▖[38;2;148;120;244;48;2;146;117;243m▝[38;2;149;120;244;48;2;151;121;243m▄[38;2;238;234;247;48;2;161;134;242m▗[38;2;249;248;251;48;2;243;241;247m╴[48;2;248;248;248m              [0m
[7m[38;2;248;248;248m [0m[38;2;0;0;0;48;2;248;248;248m    [38;2;156;215;248;48;2;245;247;247m▗[38;2;87;191;253;48;2;141;210;249m▇[38;2;83;188;253;48;2;81;189;254m╵ [38;2;81;189;254;48;2;82;187;254m▆[38;2;81;188;254;48;2;81;185;254m▆[38;2;82;187;255;48;2;82;185;253m╴[38;2;82;181;253;48;2;193;226;248m▘[38;2;248;248;248;48;2;247;248;248m┈[48;2;248;248;248m [38;2;241;238;247;48;2;202;188;246m▇[38;2;213;201;244;48;2;152;123;242m▖[38;2;154;125;245;48;2;151;121;244m▃[38;2;154;125;244m▄▄[48;2;151;121;243m▄[48;2;151;122;243m▄[38;2;226;218;245;48;2;156;128;242m▝[38;2;213;202;243;48;2;244;242;247m▁[38;2;248;248;247;48;2;248;248;248m▏[38;2;239;244;247;48;2;102;192;239m▇[38;2;232;241;246;48;2;17;168;244m▅[38;2;239;243;245;48;2;17;170;241m▃[38;2;244;248;249;48;2;18;171;238m▂[38;2;219;233;241;48;2;23;176;237m▂[38;2;222;236;242;48;2;22;179;234m▂[38;2;247;248;249;48;2;21;183;233m▂[38;2;245;248;248;48;2;26;189;232m▃[38;2;239;245;246;48;2;35;195;228m▅[38;2;245;247;247;48;2;150;219;234m▇[38;2;249;248;249;48;2;248;248;248m┊[38;2;134;109;238;48;2;232;229;245m▗[38;2;127;98;241;48;2;133;106;239m╴[38;2;130;101;240;48;2;131;102;240m▏[38;2;133;105;241;48;2;136;106;242m▅[38;2;137;108;241;48;2;139;109;242m▅[38;2;139;109;241;48;2;141;111;242m▖[38;2;142;113;243;48;2;143;114;242m╴[38;2;247;247;247;48;2;170;149;241m▗[38;2;248;248;247;48;2;247;246;248m┊[48;2;248;248;248m       [38;2;249;249;248m▁       [0m
[7m[38;2;248;248;248m [0m[38;2;0;0;0;48;2;248;248;248m    [38;2;249;248;248;48;2;246;248;248m┊[38;2;245;248;249;48;2;124;203;249m▖[38;2;80;189;254;48;2;81;188;254m┈[48;2;81;189;254m  [38;2;80;189;253;48;2;87;191;253m┊[38;2;91;192;251;48;2;222;239;248m▘[38;2;247;249;248;48;2;248;248;248m╹  [38;2;248;248;249m╶[38;2;248;248;247;48;2;241;239;247m┈[38;2;232;226;247;48;2;163;135;244m▖[38;2;161;131;246;48;2;157;128;245m▅[38;2;161;131;245;48;2;157;128;244m▅▅[38;2;161;132;245m▅▅[38;2;155;128;245;48;2;197;183;245m▇[38;2;117;110;250;48;2;244;245;252m▇[38;2;108;105;253;48;2;245;247;251m▇[48;2;246;248;250m▇[38;2;109;106;253;48;2;247;249;250m▇[38;2;107;109;253;48;2;246;249;250m▇[38;2;106;113;254;48;2;247;249;250m▇[38;2;105;117;253;48;2;247;248;250m▇[38;2;103;121;253;48;2;247;247;249m▇[38;2;101;125;253;48;2;246;247;250m▇[38;2;100;129;254;48;2;246;248;250m▇[38;2;98;134;253;48;2;245;247;251m▇[38;2;98;137;253;48;2;244;246;251m▇[38;2;95;142;254;48;2;100;137;252m┈[38;2;95;146;254;48;2;120;102;238m▇[38;2;94;150;254;48;2;122;106;239m▇[38;2;92;154;254;48;2;123;110;240m▇[38;2;91;158;254;48;2;126;113;240m▇[38;2;90;163;254;48;2;130;115;241m▇[38;2;86;168;254;48;2;95;162;251m┈[38;2;85;170;253;48;2;232;242;254m▇[38;2;84;174;252;48;2;229;241;254m▇[38;2;83;179;253;48;2;222;240;253m▇[38;2;81;184;252;48;2;220;240;251m▇[38;2;81;187;253;48;2;217;240;252m▇[38;2;81;188;253;48;2;216;239;252m▇[48;2;215;238;251m▇[38;2;80;189;253;48;2;213;236;249m▇[38;2;80;188;253;48;2;211;235;249m▇[38;2;98;194;251;48;2;208;233;248m▇[38;2;154;213;245;48;2;245;247;248m▘[48;2;248;248;248m      [0m
[7m[38;2;248;248;248m [0m[38;2;0;0;0;48;2;248;248;248m     [38;2;246;249;249m╱[38;2;81;189;252;48;2;202;232;248m▝[38;2;81;189;254;48;2;82;189;253m┊[38;2;144;211;250;48;2;89;191;252m▁[38;2;120;202;249;48;2;241;246;248m▘[38;2;248;248;250;48;2;248;248;248m╱     [38;2;248;248;248;48;2;244;242;248m┊[38;2;207;192;245;48;2;169;140;244m╸[38;2;167;138;246;48;2;164;135;245m▅[38;2;168;139;246;48;2;165;136;246m▃▃▃▃[38;2;165;137;246;48;2;146;125;247m▇[38;2;158;134;249;48;2;112;107;253m▖[48;2;108;105;254m [38;2;108;105;254;48;2;110;107;255m▉[38;2;108;107;254;48;2;107;110;255m▌[38;2;106;111;255;48;2;105;114;255m▎[38;2;104;116;255;48;2;105;119;254m▉[38;2;103;119;254;48;2;103;122;255m▍[38;2;101;124;254;48;2;101;126;254m▌[38;2;100;128;254;48;2;99;131;255m▍[38;2;99;133;255;48;2;96;136;255m▋[38;2;97;137;255;48;2;98;139;255m▋[38;2;97;141;255;48;2;96;144;255m▌[38;2;95;146;255;48;2;94;148;254m▋[38;2;93;149;254;48;2;93;153;255m▊[38;2;91;153;253;48;2;91;155;254m▍[38;2;91;158;254;48;2;90;159;255m▍[38;2;90;162;254;48;2;89;164;255m▋[38;2;89;166;255;48;2;87;168;253m▎[38;2;88;170;254;48;2;86;172;255m▌[38;2;85;174;254;48;2;85;177;254m▌[38;2;83;179;255;48;2;84;181;254m▋[38;2;82;183;253;48;2;83;186;255m▊[38;2;82;187;255;48;2;81;189;254m▍  [38;2;83;188;252m╷[38;2;182;225;249;48;2;82;189;252m▗[38;2;162;217;248;48;2;247;248;248m▘[38;2;249;248;246;48;2;248;248;248m┊      [0m
[7m[38;2;248;248;248m [0m[38;2;0;0;0;48;2;248;248;248m      [38;2;248;248;248;48;2;248;248;247m▋[38;2;92;191;250;48;2;228;241;248m▝[38;2;167;220;248;48;2;248;248;248m▘      [38;2;248;248;248;48;2;246;245;248m┊[38;2;243;238;249;48;2;182;155;245m▘[38;2;175;144;247;48;2;171;141;246m▅[48;2;171;142;246m▅▅[38;2;175;145;247m▅[38;2;176;145;247;48;2;172;142;247m▅▅[38;2;176;146;247;48;2;173;143;246m▄[38;2;176;145;248;48;2;172;143;246m╴[38;2;174;145;247;48;2;121;114;251m▖[38;2;107;107;252;48;2;108;105;254m▁[38;2;107;107;254;48;2;106;109;254m▋[38;2;106;112;255;48;2;105;114;255m▍[38;2;104;116;255;48;2;104;118;254m▋[38;2;103;119;254;48;2;103;122;255m▍[38;2;101;124;254;48;2;101;126;254m▋[38;2;101;127;254;48;2;99;130;254m▎[38;2;99;132;255;48;2;97;135;254m▌[38;2;97;137;255;48;2;97;139;254m▋[38;2;97;141;255;48;2;96;144;255m▌[38;2;95;146;255;48;2;94;148;254m▋[38;2;93;149;254;48;2;93;153;255m▊[38;2;91;153;253;48;2;91;155;254m▍[38;2;91;158;254;48;2;90;159;255m▍[38;2;90;162;254;48;2;89;164;255m▋[38;2;97;171;251;48;2;88;167;253m▁[38;2;105;177;247;48;2;86;171;254m▁[38;2;109;184;249;48;2;85;175;254m▁[38;2;112;189;249;48;2;83;180;254m▁[38;2;117;196;245;48;2;82;184;253m▁[38;2;126;202;246;48;2;81;188;254m▁[38;2;135;205;245;48;2;81;189;254m▁[38;2;145;209;244m▁[38;2;218;237;248;48;2;93;192;251m▗[38;2;242;246;248;48;2;193;229;248m▇[38;2;247;248;249;48;2;248;248;248m╹       [0m
[7m[38;2;248;248;248m [0m[38;2;0;0;0;48;2;248;248;248m              [38;2;248;249;248;48;2;246;245;248m┈[38;2;241;236;248;48;2;187;160;246m▘[38;2;184;153;247;48;2;179;149;247m▂[38;2;182;151;247;48;2;178;148;247m▅[38;2;183;152;248;48;2;179;149;247m▃[48;2;179;148;247m▄[48;2;179;149;248m▄[38;2;183;153;248;48;2;180;149;248m▃[48;2;180;149;247m▃[48;2;180;150;247m▃[38;2;179;149;246;48;2;181;151;247m╵[38;2;181;150;248;48;2;181;151;248m┊[38;2;193;172;246;48;2;222;214;247m▌[38;2;248;248;249;48;2;165;165;248m▇[38;2;248;248;248;48;2;158;161;249m▇[48;2;154;160;249m▇[48;2;150;160;248m▇[48;2;146;161;246m▇[48;2;143;161;246m▇[48;2;141;162;246m▇[38;2;101;142;252;48;2;215;224;247m▝[38;2;96;141;254;48;2;101;145;252m╴[38;2;95;146;255;48;2;94;148;254m▋[38;2;93;149;254;48;2;93;153;255m▊[38;2;91;153;253;48;2;91;155;254m▍[38;2;91;158;254;48;2;90;159;255m▍[38;2;90;162;254;48;2;89;164;255m▋[38;2;188;219;248;48;2;89;168;252m▝[38;2;172;210;247;48;2;247;248;249m▖[38;2;249;248;246;48;2;247;248;248m╻[38;2;248;248;248;48;2;244;251;249m▇[48;2;246;250;250m▇[48;2;245;250;250m▇[48;2;246;250;250m▇▇[48;2;247;250;249m▇[48;2;248;248;248m         [0m
[7m[38;2;248;248;248m [0m[38;2;0;0;0;48;2;248;248;248m             [38;2;249;248;248;48;2;246;244;248m╴[38;2;240;235;248;48;2;192;165;246m▘[38;2;189;159;248;48;2;186;155;249m▅[38;2;189;159;249m▄▄▄[38;2;189;159;248m▄[38;2;187;157;249;48;2;191;162;248m┊[38;2;217;202;248;48;2;188;157;248m▖[38;2;189;159;249;48;2;186;156;249m▅[48;2;187;156;249m▄[38;2;190;160;249m▄▄[38;2;187;156;249;48;2;188;158;249m╹[38;2;247;246;247;48;2;201;177;246m▝[38;2;248;248;249;48;2;247;246;248m┈[48;2;248;248;248m     [38;2;248;248;248;48;2;249;248;247m▉[38;2;139;174;248;48;2;243;245;248m▝[38;2;174;198;246;48;2;95;147;253m▖[38;2;93;149;253;48;2;93;153;255m▊[38;2;91;153;253;48;2;91;155;254m▍[38;2;91;158;254;48;2;90;159;255m▍[38;2;90;162;254;48;2;89;164;255m▋[38;2;90;167;251;48;2;87;167;253m╵[38;2;96;175;252;48;2;151;201;249m▇[38;2;133;195;248;48;2;245;246;248m▖[48;2;248;248;248m               [0m
[7m[38;2;248;248;248m [0m[38;2;0;0;0;48;2;248;248;248m            [38;2;249;249;249;48;2;245;244;247m┈[38;2;239;235;247;48;2;198;169;249m▘[38;2;197;165;251;48;2;192;162;249m▄[38;2;198;165;251;48;2;192;162;250m▄▄▄[38;2;197;165;251m▄[38;2;221;205;248;48;2;194;163;249m▗[38;2;211;191;248;48;2;247;246;247m▘[38;2;246;244;248;48;2;227;215;246m▇[38;2;236;229;247;48;2;196;167;248m▖[38;2;198;166;251;48;2;193;163;250m▄▄[48;2;194;163;250m▄▄[48;2;194;163;251m▄[38;2;241;237;247;48;2;201;172;249m▝[38;2;248;248;249;48;2;245;243;248m╴[48;2;248;248;248m      [38;2;243;245;247;48;2;198;214;248m▇[38;2;230;238;248;48;2;109;160;250m▖[38;2;92;154;253;48;2;91;154;254m▁[38;2;91;158;254;48;2;90;159;255m▍[38;2;90;162;254;48;2;89;164;255m▋[38;2;89;166;255;48;2;87;168;253m▎[38;2;87;170;254;48;2;84;173;255m▊[38;2;85;174;254;48;2;94;179;253m╴[38;2;105;188;250;48;2;234;242;248m▖[38;2;246;250;247;48;2;248;248;248m▁[38;2;249;248;248m▁            [0m
[7m[38;2;248;248;248m [0m[38;2;0;0;0;48;2;248;248;248m           [38;2;249;247;248m╶[38;2;237;230;247;48;2;206;177;250m▍[38;2;203;172;251;48;2;200;168;251m▅▅[48;2;201;169;251m▄[38;2;205;173;252;48;2;201;170;251m▂[38;2;203;172;251;48;2;201;169;252m▄[38;2;238;230;247;48;2;202;173;250m▗[38;2;246;244;248;48;2;229;217;246m▇[48;2;248;248;248m  [38;2;248;248;249;48;2;246;245;248m╴[38;2;245;243;248;48;2;207;181;249m▖[38;2;204;173;252;48;2;203;171;251m╷[48;2;201;170;251m▄[48;2;202;170;252m▄[38;2;205;174;252;48;2;202;171;251m▃[48;2;201;170;251m▄[38;2;234;222;247;48;2;204;173;251m▝[38;2;230;217;249;48;2;245;243;248m▁[48;2;248;248;248m      [38;2;248;248;250;48;2;247;248;247m╴[38;2;222;232;248;48;2;125;175;250m▄[38;2;89;158;255;48;2;92;160;253m┊[38;2;90;162;254;48;2;89;164;255m▋[38;2;89;166;255;48;2;87;168;253m▎[38;2;88;170;254;48;2;86;172;255m▌[38;2;87;176;253;48;2;85;175;254m╶[38;2;88;181;252;48;2;147;207;248m▉[38;2;182;221;248;48;2;243;246;248m▏[38;2;247;248;249;48;2;248;248;248m▖            [0m
[7m[38;2;248;248;248m [0m[38;2;0;0;0;48;2;248;248;248m            [38;2;245;244;248;48;2;230;217;249m▇[38;2;237;226;248;48;2;207;178;251m▖[38;2;209;182;246;48;2;208;177;252m▁[38;2;210;179;251;48;2;206;175;251m▅▅[38;2;246;243;250;48;2;213;187;249m▗[38;2;249;249;249;48;2;247;245;248m┊[48;2;248;248;248m    [38;2;247;249;249m╴[38;2;248;248;248;48;2;220;199;249m▖[38;2;210;180;254;48;2;209;178;252m╴[38;2;211;179;253;48;2;207;176;252m▅[38;2;211;180;253m▅▅[48;2;207;177;252m▅[38;2;212;183;251;48;2;224;206;250m▉[38;2;222;201;249;48;2;247;246;248m▖[48;2;248;248;248m      [38;2;248;248;248;48;2;249;248;248m▉[38;2;116;174;249;48;2;237;242;248m▝[38;2;220;233;246;48;2;96;166;252m▁[38;2;202;227;243;48;2;87;167;252m▁[38;2;199;227;241;48;2;86;171;253m▁[38;2;216;236;245;48;2;96;180;252m▁[38;2;137;201;248;48;2;245;247;248m▘[48;2;248;248;248m              [0m
[7m[38;2;248;248;248m [0m[38;2;0;0;0;48;2;248;248;248m             [38;2;248;248;248;48;2;247;243;249m▇[48;2;245;236;252m▇[48;2;244;236;252m▇[48;2;244;235;252m▇[38;2;248;248;247;48;2;248;248;248m┊       [38;2;248;248;248;48;2;241;231;249m▇[48;2;239;230;248m▇[48;2;238;229;249m▇[48;2;239;229;249m▇[48;2;238;227;247m▇▇[48;2;241;233;246m▇[48;2;248;248;248m        [48;2;249;248;246m▇[48;2;248;248;248m  [48;2;247;248;248m▇[48;2;249;248;247m▇[48;2;248;248;248m              [0m
[7m[38;2;248;248;248m [0m[38;2;0;0;0;48;2;248;248;248m                                                           [0m
[7m[38;2;248;248;248m [0m[38;2;0;0;0;48;2;248;248;248m                                                           [0m
[7m[38;2;248;248;248m [0m[38;2;0;0;0;48;2;248;248;248m                                                           [0m
[7m[38;2;248;248;248m [0m[38;2;0;0;0;48;2;248;248;248m                                                           [0m
[7m[38;2;248;248;248m [0m[38;2;0;0;0;48;2;248;248;248m                                                           [0m
[7m[38;2;248;248;248m [0m[38;2;0;0;0;48;2;248;248;248m                                                           [0m
[?25h